47974.23
47974.23
48406.77
48406.77
47976.28
47976.28
47176.54
47176.54
48089.07
48089.07
48275.33
48275.33
49143.82
49143.82
48996.72
48996.72
49484.15
49484.15
48772.21
48772.21
48264.89
48264.89
47023.03
47023.03
46728.59
46728.59
44192.11
44192.11
45704.48
45704.48
46279.02
46279.02
44463.22
44463.22
43019.01
43019.01
44516.69
44516.69
45368.26
45368.26
45055.87
45055.87
44948.83
44948.83
44410.45
44410.45
43157.95
43157.95
43601.48
43601.48
44882.12
44882.12
43264.28
43264.28
44341.22
44341.22
44937.48
44937.48
45513.60
45513.60
45319.31
45319.31
44982.33
44982.33
45324.33
45324.33
44349.70
44349.70
43021.17
43021.17
43408.52
43408.52
42688.49
42688.49
43306.86
43306.86
43203.75
43203.75
42812.21
42812.21
40995.59
40995.59
39325.44
39325.44
39280.80
39280.80
40322.83
40322.83
39249.96
39249.96
37233.77
37233.77
36107.32
36107.32
39874.71
39874.71
37979.62
37979.62
38620.08
38620.08
39285.23
39285.23
35817.22
35817.22
37994.37
37994.37
39433.50
39433.50
39974.44
39974.44
39594.41
39594.41
39594.41
40395.31
41917.55
42034.37
38738.22
39995.34
40075.80
39775.66
42076.28
41378.46
40015.83
39943.19
39791.11
41113.70
41019.88
37781.06
37265.07
37146.48
36032.23
36993.96
37408.53
37499.78
36215.19
36035.82
36911.08
37874.22
38407.31
37735.87
38345.66
37489.89
38104.29
37462.67
38103.85
37533.26
37426.43
36493.56
34879.45
35491.48
33977.68
34223.37
31674.37
32628.95
33620.01
34237.24
35228.18
35130.80
34607.85
35650.79
36653.48
36221.56
38487.54
37692.92
37587.11
37867.34
39055.89
38325.01
39679.07
38499.59
38370.58
38756.39
38305.45
36734.22
37582.30
38139.73
37836.13
37246.00
38003.99
38299.91
38757.23
39566.30
39294.60
40521.24
40342.67
39898.35
38960.74
38667.40
38638.99
38486.39
39085.55
39277.57
37616.43
37614.48
38166.58
38326.62
39191.78
39728.08
39971.58
39702.24
39179.82
38790.11
38491.98
38557.32
38860.63
38556.22
38750.22
39155.11
37822.99
37894.12
36803.37
36598.43
36812.15
36529.81
36755.79
37009.57
37125.73
36836.99
37213.64
36896.01
37723.93
37429.54
37596.70
37602.05
36375.73
35948.17
35770.98
36289.69
36012.51
35831.39
35032.57
35543.84
36047.61
36014.05
36182.43
36174.00
36214.98
35936.71
35626.94
36183.40
36055.64
35761.91
35958.18
36698.98
36400.29
36349.74
36151.35
36305.75
36371.88
36313.04
35978.63
35746.68
35667.03
34127.26
33581.11
33759.64
32816.15
32909.35
32920.28
32868.80
33156.85
32515.00
31715.58
32136.75
32904.46
33540.86
33449.90
32605.80
32900.01
33508.52
34194.44
34116.10
35037.92
36775.89
36887.70
37417.89
37929.65
37850.52
36887.82
36530.12
36727.52
36637.22
36689.78
36312.08
36716.34
37069.56
37101.49
37035.47
37347.50
37436.53
36854.39
36926.40
37263.44
36923.16
37270.13
36347.74
35583.89
35185.84
35325.38
35227.43
35648.49
36000.24
35461.89
35712.81
35748.83
35817.57
35461.19
35803.71
34957.00
34944.27
35312.91
35721.86
35894.15
35945.64
36020.82
37334.48
37665.01
38962.89
39093.73
39265.53
38971.06
39462.76
39513.52
39099.51
39197.51
40552.53
40679.80
40227.14
39614.57
40281.73
40488.56
40063.03
40383.91
40393.86
40315.68
40067.97
39838.00
40293.41
40035.93
40731.43
39949.45
39983.05
40245.41
40053.80
40061.77
40254.39
40107.62
40037.48
39158.87
39204.19
38749.67
38985.75
38715.56
38791.00
38312.75
38627.29
38865.45
38751.35
39491.41
39202.63
38742.52
39069.76
37674.63
37685.54
37654.77
38059.71
37413.16
37835.56
37667.85
37837.51
37317.55
37647.05
36772.27
36424.91
36186.95
35621.68
35500.17
35880.46
36060.36
35064.85
35605.57
35686.57
35673.36
36184.26
35861.49
35976.36
35665.58
35923.14
35677.50
35370.26
35486.01
35614.55
35638.45
35634.04
34335.89
33579.91
34088.36
34562.27
34655.73
35786.37
35439.50
35417.77
35334.22
34272.79
34503.85
33180.15
32908.83
32494.70
32938.27
32923.56
32513.28
32570.45
31729.10
31479.68
32562.67
32852.40
32754.63
32140.86
31653.02
30104.41
29787.74
32200.78
32481.89
32613.08
32476.03
32498.03
33908.78
33916.88
34233.72
34126.71
33926.52
34094.54
34088.00
33801.02
33330.35
33126.63
33434.38
33643.90
32516.91
32499.12
32819.69
32989.67
33345.70
33963.64
34019.16
34034.79
34942.81
34773.02
34667.19
34928.32
35180.08
34767.41
34323.47
34131.92
33691.06
33268.98
33151.18
31970.08
32055.96
32315.50
31764.23
31925.52
31768.42
32075.92
32305.50
30529.48
31069.14
31770.94
30938.77
31115.11
31635.13
31278.62
31552.98
32580.56
33028.02
32973.34
33062.58
33325.62
32603.12
33349.56
32982.17
33062.70
32693.46
32822.10
34184.47
34676.36
34630.05
34363.95
34468.34
34805.57
34158.64
34158.64
34488.66
34414.17
34535.15
34648.71
34323.65
34566.76
34580.41
34595.25
35152.36
35265.07
35679.88
36241.80
36221.15
36505.56
36302.13
36186.41
36058.88
35780.55
35258.50
34906.02
35062.41
34576.89
34606.48
34632.49
34306.14
34303.28
34798.12
34892.66
35086.72
34913.07
34272.29
34279.87
33495.58
33388.53
33494.27
33748.76
33519.82
33425.35
32965.70
33532.69
33507.32
33447.34
32866.05
33024.86
33089.04
32931.65
32940.67
33261.60
33467.79
33488.64
33188.94
33337.74
33702.60
33635.79
33447.54
33690.03
34103.03
34532.54
34500.35
34614.40
34621.74
34630.00
34666.13
34816.74
34493.13
34463.38
34679.85
34784.98
35447.15
35409.12
35520.98
35377.08
35459.09
35503.36
35537.64
35630.99
35443.89
34612.85
34365.72
34148.47
34197.72
34360.45
33693.71
33624.28
33611.86
33601.00
34118.51
34095.99
33983.17
33950.41
33966.70
34770.44
34764.55
34246.43
33886.59
34228.76
34062.37
33788.07
33927.43
33884.27
34100.36
34211.86
34478.35
34824.76
34834.20
34768.10
34874.03
34743.82
34561.72
34509.89
29651.92
29758.48
29700.48
29628.59
29539.72
29925.06
29681.40
29854.33
29639.54
29754.16
29724.10
29858.89
30687.50
30830.93
30822.38
31485.25
31498.80
31862.85
31990.26
31770.38
31743.20
32079.85
32036.72
31917.62
32003.44
32215.87
32088.62
31805.44
32130.19
32354.09
32407.45
32259.97
32281.35
32285.11
32358.18
32577.04
32761.93
32425.88
32423.34
32373.79
32409.94
38279.38
